AD;AD;DADA@zdodz.com;0609783457;23/11/2004
D;d;DZIDZ@DZEIDZ.com;0609783457;10/05/2000
D;henrick;mail@gmail.com;0609783457;23/11/2004
RENAUDIN;Mathis;ddzdzji@jidzid.com;0609783457;23/11/2012
